5.19575834274
4.87292289734
4.78405952454
4.72837114334
4.6732878685
4.62769126892
4.48016119003
4.40024852753
4.29414844513
4.15452957153
4.07451868057
3.92907500267
3.81648159027
3.89428043365
3.72113585472
3.53740978241
3.52413368225
3.38692045212
3.17471194267
3.17685651779
3.29564738274
3.25470876694
2.93666815758
2.89197468758
2.93775629997
3.23045873642
3.02039194107
3.05936360359
3.01609516144
3.35569691658
2.92695951462
2.97741222382
3.13067626953
3.44612312317
3.07000136375
3.20129752159
3.07557439804
3.26257324219
2.80260801315
2.88517165184
3.02309703827
3.19891119003
3.28196454048
2.8723988533
2.69528150558
3.08597660065
2.84916496277
2.94970035553
2.78549361229
2.82104825974
2.80184841156
2.75251102448
2.8561501503
2.9075524807
2.51437687874
2.83635759354
2.89859247208
2.77509021759
3.01690006256
3.02629089355
2.92457866669
3.13885188103
2.6198580265
2.80888748169
2.50336146355
2.7191824913
2.42017531395
2.40286374092
2.31551337242
2.58424091339
2.10803985596
2.38464903831
2.66181159019
2.52303600311
2.1556084156
2.38359642029
2.50318455696
2.78774642944
2.31428527832
2.3504011631
2.38357925415
2.17676711082
2.14287042618
2.61558914185
2.33178281784
2.41662120819
2.09414052963
2.10254335403
2.54335021973
2.16716456413
2.07159781456
2.11931991577
2.35444402695
1.9294090271
1.79278826714
1.91719269753
2.21548819542
2.32024621964
2.17101192474
2.25129127502
1.9419888258
2.02576518059
2.27461123466
1.89082467556
2.5301964283
2.42831325531
2.02610325813
2.15840482712
1.98027050495
1.80800437927
1.91598594189
1.73675763607
1.87831652164
1.96534383297
1.65152478218
1.79735839367
1.62167549133
1.79986536503
1.88109910488
1.62786650658
1.89855587482
1.68600094318
1.60791027546
1.57795238495
1.62970721722
1.752825737
1.59478032589
1.55134522915
1.58719849586
1.56534719467
1.60584449768
1.53981947899
1.86335206032
1.52894115448
1.77499437332
1.83039319515
1.6218971014
1.46331703663
1.6240888834
1.67060446739
1.5880895853
1.47449493408
1.49861204624
1.43695580959
1.54066419601
1.69046664238
1.64530920982
1.66718137264
1.54782783985
1.73749995232
1.99400508404
1.58559608459
1.48540055752
1.4510935545
1.40394711494
1.37524759769
1.34865772724
1.38318538666
1.50118803978
1.39280354977
1.64561903477
1.48107421398
1.3567647934
1.45137417316
1.29680860043
1.54103446007
1.28601133823
1.27892005444
1.51712024212
1.42532277107
1.20411229134
1.42245829105
1.43348944187
1.4687255621
1.64055120945
1.34379255772
1.55918765068
1.40293741226
1.39355289936
1.30832898617
1.26379621029
1.41553199291
1.40021455288
1.257797122
1.29779076576
1.50329291821
1.32940900326
1.60616910458
1.50061404705
1.41411852837
1.39211153984
1.26964330673
1.44169390202
1.37941646576
1.32630240917
1.33602118492
1.29976904392
1.41285157204
1.38730251789
1.23459517956
1.30822873116
1.54081737995
1.39817297459
1.34554374218
1.23152720928
1.31374776363
1.33473849297
1.36412382126
1.29229307175
1.17811238766
1.13921773434
1.4758067131
1.29581284523
1.17405748367
1.27043390274
1.18904268742
1.72750842571
1.27994441986
1.19951331615
1.33037137985
1.61220908165
1.28798043728
1.21904790401
1.36032438278
1.25733721256
1.34277963638
1.39811789989
1.44469869137
1.09229576588
1.2516092062
1.49328541756
1.25829792023
1.14012527466
1.25663769245
1.32112789154
1.26687860489
1.1727052927
1.21039199829
1.2099468708
1.13387203217
1.34952199459
1.36533927917
1.20335650444
1.05530083179
1.2775850296
1.29285359383
1.3825044632
1.2860250473
1.20815372467
1.13772368431
1.21210479736
1.15627241135
1.30307579041
1.26407456398
1.42108917236
1.15218055248
1.19914364815
1.22734177113
1.28286039829
1.29678881168
1.12687253952
1.17075610161
1.19766366482
1.13970804214
1.17973506451
1.16087067127
1.1810990572
1.07759296894
1.14797151089
1.38813984394
1.17233264446
1.12079811096
1.14395546913
1.31356310844
1.18992877007
1.18537557125
1.12387490273
1.3079264164
1.24795365334
1.2782201767
1.04469347
1.07617485523
1.15642488003
1.15492284298
1.12163305283
1.23031389713
1.14278662205
1.0156866312
1.13297569752
1.10848367214
1.10183560848
0.911277472973
1.04448330402
1.1894133091
1.13544142246
1.14134478569
1.07486462593
1.24592542648
1.05605256557
0.964575529099
1.03607237339
1.21815669537
1.06311261654
1.11772143841
1.05463373661
1.03850746155
1.12415206432
1.16797447205
1.0449911356
1.13485217094
0.885028958321
0.965539872646
1.05606758595
1.05131411552
0.849870800972
0.823127627373
1.01506769657
1.11113572121
1.04866838455
0.869773387909
0.968983054161
1.03802168369
0.995682120323
0.803740501404
0.903256297112
1.02914571762
0.871143043041
1.01948618889
0.919682979584
0.983707606792
1.08728396893
0.970293164253
0.90165823698
0.898541510105
0.90313565731
0.913735151291
0.883484423161
0.903872430325
0.960460364819
0.80942940712
0.97209918499
1.02276861668
1.0106241703
0.88922470808
0.888895690441
1.18752634525
1.17795133591
0.852009296417
0.969886898994
1.16505694389
1.22953724861
0.978334069252
0.882184803486
0.899337828159
0.932742774487
0.904917955399
0.94671267271
0.925759553909
0.879772424698
0.969653666019
0.783318579197
0.876201689243
0.967892706394
0.880814731121
0.8615193367
0.825808465481
0.894125521183
0.846854746342
0.830603897572
0.88563901186
0.931208431721
1.05681800842
0.824284672737
0.925136446953
0.977156877518
0.981195747852
0.92205542326
0.885453164577
0.900003254414
0.939785063267
1.07696068287
0.922460079193
0.902408123016
1.22054731846
0.84878385067
0.766782999039
0.778395295143
0.850459575653
1.00228571892
0.969930589199
0.947505116463
0.874247550964
0.836710929871
0.967609345913
0.851389348507
0.890882909298
0.967283666134
0.781352877617
0.900276839733
0.946977436543
0.878665924072
0.915079236031
0.991982221603
0.856249809265
0.796499192715
0.773868739605
0.889907240868
1.03414022923
0.98802036047
0.870066642761
0.817052066326
0.953318238258
0.900101602077
0.914574146271
0.830471634865
1.04391252995
0.971327364445
0.854888498783
0.903685808182
0.908495128155
1.05280399323
0.937215209007
0.968594610691
0.84282296896
1.11667633057
0.995136260986
0.815207362175
0.84097892046
0.906195580959
0.952722668648
0.947770476341
0.796174168587
0.847064673901
0.737455189228
0.93580943346
0.874404847622
0.859071671963
0.794083237648
0.907845973969
0.912781834602
0.732798039913
0.834069311619
1.00670397282
1.04145014286
0.904206871986
0.804609537125
0.735636174679
0.86984026432
0.942877471447
0.818482398987
0.726736605167
0.798752069473
0.870078146458
0.961485743523
1.08450591564
0.842567741871
0.89121556282
0.921930134296
0.772011518478
0.840032637119
0.963773131371
0.855488359928
0.847264409065
0.780591845512
0.893233060837
0.717720448971
0.746632516384
0.799663603306
0.796313583851
0.918272197247
0.857164144516
0.864547908306
0.786026597023
0.833656907082
0.779240369797
0.816350638866
0.779950797558
0.715499162674
0.724501609802
0.760942041874
0.914134025574
0.689205348492
0.756909251213
0.751497089863
0.737016320229
0.704562008381
0.708925366402
0.700267910957
0.841155052185
0.746734619141
0.851472437382
0.816609680653
0.887027084827
0.843804121017
0.683581650257
0.689492464066
0.724563956261
0.692008495331
0.71514070034
0.821066439152
0.898992598057
0.949449717999
0.814224839211
0.745283007622
0.722755014896
0.745307087898
0.896145045757
0.844803035259
0.823223292828
0.798490166664
0.765327334404
1.08702230453
1.06406986713
1.0423541069
0.984669625759
1.02650427818
0.947635412216
0.726841807365
0.751833379269
0.847023904324
0.887382745743
0.9250420928
0.893172621727
0.899275362492
0.977265954018
0.884421825409
0.968002319336
0.985828578472
0.829149663448
0.760912358761
0.683509230614
0.699075520039
0.859974384308
0.761886358261
0.796618461609
0.730390965939
0.73683321476
0.795730233192
0.71066814661
0.641851127148
0.702041864395
0.762664556503
0.719577848911
0.749952733517
0.685980856419
0.774749159813
0.740775346756
0.875299930573
0.691735684872
0.583524465561
0.667946636677
0.867555201054
0.856912493706
0.760940134525
0.75055706501
0.712402641773
0.780087649822
0.678052902222
0.712289214134
0.672269403934
0.836346447468
0.890075623989
0.691180229187
0.765906691551
0.735838472843
0.763691782951
0.75593996048
0.791539490223
0.730170190334
0.822897613049
0.759164094925
0.853703081608
0.697108387947
0.749646246433
0.707821011543
0.727729678154
0.752142012119
0.822619557381
0.905292093754
0.793387115002
0.729547023773
0.686459064484
0.707340180874
0.665187180042
0.651005923748
0.707526743412
0.740364968777
0.736067533493
0.719547390938
0.802471220493
0.752565801144
0.775902450085
0.925655186176
0.71510720253
0.643885910511
0.755673646927
0.706873297691
0.72672611475
0.721605658531
0.605153024197
0.67061316967
0.701061964035
0.669535517693
0.778643369675
0.69939905405
0.675031960011
0.707886278629
0.709011912346
0.582287967205
0.63202047348
0.74814581871
0.737819552422
0.756032526493
0.752567768097
0.732789933681
0.775673985481
0.756089746952
0.721719861031
0.737354815006
0.851527035236
0.628632843494
0.651432514191
0.707956433296
0.668824613094
0.637086808681
0.763812184334
0.637640595436
0.61965328455
0.599378168583
0.699715018272
0.684235751629
0.672030091286
0.590722262859
0.702802360058
0.641923129559
0.678487718105
0.686999261379
0.68473225832
0.708890140057
0.746525168419
0.876067399979
0.605991125107
0.606158196926
0.704965412617
0.694086432457
0.780907154083
0.693293213844
0.747449457645
0.733469963074
0.698739826679
0.620735406876
0.709063589573
0.686096191406
0.747869968414
0.711541414261
0.636135876179
0.694505214691
0.752652943134
0.764641404152
0.680807471275
0.612685978413
0.696062862873
0.798649191856
0.669439613819
0.67156881094
0.845326721668
0.768527925014
0.702912032604
0.633173763752
0.702159523964
0.692333519459
0.643737494946
0.650066375732
0.747279942036
0.656349718571
0.850413620472
0.812889933586
0.719131112099
0.660236895084
0.616916298866
0.701524078846
0.76172876358
0.720540344715
0.687829256058
0.629645764828
0.701884806156
0.856888055801
0.971552014351
0.87742292881
0.628534793854
0.654434621334
0.609513103962
0.618272602558
0.660716831684
0.629607975483
0.587974011898
0.652626931667
0.653142809868
0.737955152988
0.647902011871
0.610430181026
0.567723631859
0.729919731617
0.641091048717
0.692622303963
0.704834222794
0.613941133022
0.595046162605
0.682161748409
0.642587780952
0.795380532742
0.75357991457
0.663534939289
0.754056036472
0.589126884937
0.608773827553
0.632490038872
0.646280050278
0.685079574585
0.603202581406
0.642274141312
0.672700047493
0.799760043621
0.800150334835
0.783023238182
1.00160491467
0.775635898113
0.63702237606
0.670932233334
0.691326916218
0.691711425781
0.676697969437
0.690153300762
0.735136032104
0.607214093208
0.720960140228
0.87526011467
0.922385931015
0.740451753139
0.65888518095
0.690332353115
0.629738748074
0.710059642792
0.68379676342
0.879124522209
0.780731141567
0.776028811932
0.629010260105
0.819700777531
0.648363530636
0.73102158308
0.773352146149
0.72706592083
0.761763036251
0.735055863857
0.662185847759
0.68618029356
0.848254561424
0.748600125313
0.69693249464
0.641871094704
0.748134434223
0.87341439724
0.837064802647
0.597053468227
0.562724649906
0.754154503345
0.803513646126
0.745455563068
0.643899083138
0.715825021267
0.714445650578
0.690583527088
0.66404312849
0.763202011585
0.73909932375
0.770838975906
0.74591499567
0.7817029953
0.66991353035
0.680247008801
0.720398724079
0.794030487537
0.769296169281
0.733128666878
0.949075818062
0.870964467525
0.89538371563
0.666949629784
0.743340134621
0.754068672657
0.63518422842
0.873991012573
0.79681545496
0.70040166378
0.734920978546
0.917971074581
0.657425522804
0.833459973335
0.696883797646
0.716660857201
0.81033962965
0.692725360394
0.670708119869
0.646310389042
0.755330741405
0.834050118923
1.0278737545
0.779259562492
0.742628931999
0.823941290379
0.749064862728
0.93204408884
0.89960694313
1.00247061253
0.85412222147
0.887305140495
0.932663142681
0.841662943363
0.717941939831
0.757882773876
0.757581353188
0.583258211613
0.98660993576
0.904946446419
0.86192882061
0.69994944334
0.875031888485
0.737137436867
0.770186305046
0.838584065437
0.690925061703
0.737072944641
0.961252510548
0.709761381149
0.73192358017
0.772141098976
0.782846331596
0.700195074081
0.783340394497
