5.21080493927
3.73008871078
3.29896116257
3.26172327995
3.16661143303
3.19148659706
3.12691259384
3.01668357849
2.92867994308
2.84301757812
2.75651216507
2.69936680794
2.58950948715
2.52126336098
2.62526679039
2.32617640495
2.34112524986
2.38890123367
2.26823568344
2.28738307953
2.22634363174
2.15062975883
2.22389507294
2.08024644852
2.08155941963
2.00902414322
1.97638905048
1.98963785172
1.96900212765
1.9879437685
1.91881990433
1.9951145649
1.88774693012
1.84303975105
2.02811861038
1.82612085342
1.8320748806
1.75045692921
1.77123177052
1.69251596928
1.68002569675
1.74918627739
1.60869681835
1.51493680477
1.53610551357
1.58192801476
1.68396496773
1.55189085007
1.60527658463
1.45845806599
1.5021545887
1.53181123734
1.56830811501
1.57311248779
1.47429358959
1.49722778797
1.48268055916
1.44233715534
1.34144484997
1.31869757175
1.39568388462
1.36998534203
1.42815947533
1.29115450382
1.29347145557
1.39862573147
1.33978903294
1.37721896172
1.30511951447
1.2708889246
1.30865550041
1.27590823174
1.1617667675
1.16146326065
1.2561763525
1.26261162758
1.3765873909
1.1514172554
1.28872418404
1.21881318092
1.21475219727
1.18577837944
1.27888250351
1.17182099819
1.22489023209
1.13902199268
1.17716526985
1.31558263302
1.06797623634
1.20229065418
1.09412622452
1.12420618534
1.19246530533
1.1786929369
1.18063664436
1.22403693199
1.07490408421
1.0968631506
0.961351335049
1.05463993549
1.12772607803
1.20696687698
1.01258945465
1.06980025768
1.12883961201
1.19248652458
1.15200805664
1.04851222038
1.00672674179
0.973543465137
1.0422450304
0.987274646759
1.0105214119
0.975828111172
1.00095820427
0.893340349197
0.914324581623
0.940454006195
0.973369598389
0.944953083992
1.02560472488
1.05020332336
1.04081499577
0.857216835022
0.869249045849
0.801409780979
0.945818722248
0.967264950275
0.917162299156
0.874430000782
1.01341378689
0.964202344418
0.840886771679
0.975158214569
0.918623626232
0.840962648392
0.898847103119
1.01836502552
0.958862841129
0.946762382984
0.866317033768
0.90470790863
0.997883617878
0.959097981453
0.984214663506
0.884596526623
0.81650853157
1.02925348282
0.851534307003
0.90255844593
0.918170392513
0.976145982742
0.908637344837
1.02900540829
0.881533205509
0.882691919804
0.939454257488
0.822587251663
0.877023279667
0.862118124962
0.999614596367
0.912093579769
0.880682349205
0.919337809086
0.787298262119
0.84007537365
0.780110180378
0.902249276638
0.864776074886
0.77963745594
0.854872345924
0.897082269192
0.895605504513
0.828802525997
0.842270612717
0.780311942101
0.84235316515
0.734464228153
0.85105073452
0.831862449646
0.8884100914
0.921890258789
0.859752416611
0.842773199081
0.835526585579
0.80699890852
0.833551645279
0.771086215973
0.865093886852
0.786559164524
0.797987937927
0.782976090908
0.712695777416
0.922523260117
0.842490196228
0.784878373146
0.865425407887
0.869605362415
0.880782842636
0.73916810751
0.845998167992
0.745827078819
0.832364916801
0.790855586529
0.823732316494
0.768026411533
0.715478539467
0.793669223785
0.876941263676
0.817357599735
0.875565648079
0.723344326019
0.988516688347
0.823225498199
0.904230594635
0.840599477291
0.752051055431
0.875313520432
0.825676143169
0.796733736992
0.741228818893
0.855054140091
0.748781740665
0.739596605301
0.8440939188
0.786904990673
0.690898180008
0.726574242115
0.760674715042
0.833182215691
0.845747232437
0.839455962181
0.835112512112
0.820458710194
0.795232415199
0.791669011116
0.90002399683
0.740893542767
0.782605946064
0.923233866692
0.675160169601
0.752411782742
0.751722693443
0.729496538639
0.761098921299
0.902532041073
0.790280163288
0.720408916473
0.754461705685
0.864567399025
0.771523594856
0.743467569351
0.836534380913
0.666539788246
0.752432286739
0.735531628132
0.733394265175
0.809224009514
0.791790962219
0.727880299091
0.762581050396
0.695644557476
0.797672867775
0.793871343136
0.775825679302
0.803890824318
0.883744359016
0.698696672916
0.709765613079
0.752301931381
0.784464120865
0.720939993858
0.796423375607
0.705430626869
0.764746189117
0.732245445251
0.71684885025
0.801741361618
0.771927177906
0.742017805576
0.801298737526
0.803442895412
0.749682247639
0.672673404217
0.806638658047
0.67835599184
0.792781472206
0.717461884022
0.75622522831
0.750262439251
0.781516373158
0.835861206055
0.765557467937
0.760356009007
0.749554276466
0.664781689644
0.654899001122
0.708271026611
0.636363387108
0.83845949173
0.707964062691
0.701089978218
0.756782472134
0.827448248863
0.680646657944
0.769572019577
0.752088010311
0.659987032413
0.644432008266
0.776227235794
0.710355758667
0.786143779755
0.828142940998
0.741755902767
0.683297157288
0.657642841339
0.789865255356
0.690905988216
0.711283624172
0.759323120117
0.692866384983
0.800588548183
0.748996853828
0.641525030136
0.767764627934
0.615405142307
0.684268295765
0.689643383026
0.651726126671
0.815799832344
0.678143441677
0.710817158222
0.694494307041
0.629686713219
0.772721230984
0.609344780445
0.667962908745
0.728016018867
0.738491415977
0.688276231289
0.779861330986
0.713986694813
0.628893375397
0.697047948837
0.726126015186
0.791942298412
0.63744956255
0.758219361305
0.812013268471
0.693481743336
0.651308655739
0.693505883217
0.637467026711
0.622340261936
0.704914629459
0.665399491787
0.722558796406
0.611845731735
0.693477451801
0.691871225834
0.820365190506
0.832681596279
0.695490717888
0.704537272453
0.78593993187
0.640917181969
0.753896713257
0.645908653736
0.795198559761
0.757164239883
0.81599843502
0.730540513992
0.840387940407
0.703798055649
0.793294966221
0.754090428352
0.62509727478
0.671292960644
0.741261422634
0.702247977257
0.651244819164
0.677887618542
0.684450805187
0.737194061279
0.56912958622
0.708699166775
0.563623666763
0.68978703022
0.684564948082
0.711180865765
0.670933783054
0.730421543121
0.627580702305
0.764902830124
0.662153422832
0.663769483566
0.617325782776
0.605939924717
0.667030632496
0.669342041016
0.65937936306
0.664714455605
0.673887252808
0.702930688858
0.710906744003
0.579673886299
0.687316775322
0.669662058353
0.675144255161
0.640742361546
0.732557475567
0.617047190666
0.612828612328
0.67296153307
0.748801648617
0.693202793598
0.716059625149
0.623338699341
0.58881354332
0.635830104351
0.666775047779
0.728928029537
0.678791880608
0.654736757278
0.679260969162
0.66563808918
0.703135251999
0.759136974812
0.741586327553
0.728309929371
0.773280918598
0.669431984425
0.602441608906
0.649987578392
0.715405344963
0.740192770958
0.679369866848
0.763886868954
0.716925323009
0.658632218838
0.761043787003
0.6429900527
0.646883606911
0.709551155567
0.729397952557
0.670863986015
0.686138987541
0.631316661835
0.639272630215
0.650313079357
0.745524644852
0.634418606758
0.659601807594
0.620402932167
0.63503152132
0.74713987112
0.620012521744
0.576979756355
0.689434289932
0.660625219345
0.617596745491
0.660619139671
0.677927017212
0.729169309139
0.728740632534
0.766391336918
0.717668771744
0.626529037952
0.687161743641
0.699096798897
0.681511700153
0.602568507195
0.729709863663
0.653310000896
0.693349063396
0.796091675758
0.677314460278
0.690106809139
0.688731789589
0.573457896709
0.643937468529
0.649606049061
0.641141295433
0.599940419197
0.666639149189
0.716303765774
0.636352181435
0.657392859459
0.768757343292
0.657642006874
0.717557609081
0.643404185772
0.670551419258
0.657411813736
0.655896604061
0.665631473064
0.634760558605
0.689382791519
0.778575956821
0.750472486019
0.692385435104
0.714798390865
0.597006201744
0.677185833454
0.577073097229
0.680334150791
0.559324204922
0.638605594635
0.824356436729
0.594111979008
0.648950397968
0.635993301868
0.563462078571
0.728651285172
0.606657803059
0.616134107113
0.667663097382
0.738122463226
0.62155520916
0.664397954941
0.790329635143
0.744744777679
0.689048409462
0.663882851601
0.68727606535
0.635461270809
0.695789575577
0.543543577194
0.608873069286
0.618825376034
0.596515238285
0.606164515018
0.579343616962
0.58814483881
0.577679038048
0.651211977005
0.584450244904
0.609516203403
0.622870385647
0.540548682213
0.638591766357
0.665838718414
0.614492595196
0.633778631687
0.577655315399
0.596129417419
0.557584404945
0.631691038609
0.652100801468
0.562936723232
0.669552743435
0.595154106617
0.562759101391
0.635410428047
0.555858850479
0.698347687721
0.563850522041
0.595345079899
0.596514642239
0.696626067162
0.646409332752
0.647517025471
0.659086346626
0.592743039131
0.660039961338
0.765979409218
0.633999526501
0.725099623203
0.706528067589
0.617998182774
0.69275534153
0.601197719574
0.630165219307
0.653449416161
0.589652657509
0.631520748138
0.687832832336
0.572513699532
0.640715062618
0.663888692856
0.614342987537
0.562375664711
0.612344264984
0.688746750355
0.641783177853
0.633247494698
0.633840024471
0.627360463142
0.655411183834
0.570838868618
0.8067035079
0.691403627396
0.674738585949
0.629030704498
0.671404540539
0.630598843098
0.520888268948
0.653741240501
0.723680794239
0.641229152679
0.679675579071
0.602765381336
0.566823065281
0.682925701141
0.632394611835
0.509287238121
0.657074213028
0.596975684166
0.589047372341
0.583816170692
0.634560406208
0.65437078476
0.620410442352
0.630911588669
0.58615976572
0.620340824127
0.704755306244
0.586756467819
0.606631100178
0.790884912014
0.564677476883
0.668947577477
0.679885685444
0.614415585995
0.656979084015
0.70057541132
0.627608120441
0.6936378479
0.567108035088
0.621162354946
0.612570106983
0.585943698883
0.61268633604
0.677334666252
0.577526092529
0.639271080494
0.559470534325
0.644673645496
0.62171792984
0.632046222687
0.607080698013
0.680444478989
0.692252635956
0.70901042223
0.613376796246
0.603279292583
0.535361766815
0.617093324661
0.651887774467
0.661625683308
0.669739663601
0.640003979206
0.584249079227
0.64468818903
0.671222567558
0.686587631702
0.62491351366
0.558270931244
0.643510639668
0.550319731236
0.637601077557
0.587997734547
0.566576063633
0.654942512512
0.6256300807
0.659927904606
0.658256411552
0.542554557323
0.664870023727
0.658449470997
0.516698300838
0.554016768932
0.585361123085
0.813235580921
0.687357783318
0.597362577915
0.646645128727
0.643199205399
0.583425164223
0.622177124023
0.660599350929
0.596848130226
0.622270107269
0.69054120779
0.559597313404
0.569694638252
0.568998754025
0.715892672539
0.644911825657
0.638242065907
0.639578819275
0.557690918446
0.555418610573
0.619677841663
0.736080467701
