0.174671202898
67.6901779175
2.21124505997
2.39584326744
0.354180902243
0.261525183916
0.592332839966
0.151727646589
1.9972666502
2.67487335205
0.719897687435
0.700032413006
1.68681049347
0.968867003918
0.15682272613
0.366354972124
0.115709334612
1.18542563915
1.63614618778
0.723996520042
0.148487612605
0.386289179325
0.123565457761
0.571347117424
1.02165615559
0.477522939444
0.180013850331
0.554860949516
0.141079828143
0.504060029984
0.729724049568
0.382407009602
0.236184298992
0.426415830851
0.114611074328
0.357483923435
0.607841908932
0.21050389111
0.165964275599
0.476972252131
0.0869616270065
0.398250371218
0.680806279182
0.175161153078
0.207388430834
0.404498189688
0.105149231851
0.267314046621
0.614756286144
0.199703216553
0.149746611714
0.324329793453
0.10351254791
0.26711422205
0.498474240303
0.275877952576
0.15370836854
0.478782832623
0.223782092333
0.378507763147
0.786826610565
0.211995497346
0.185254171491
0.454245984554
0.163815379143
0.625238358974
0.5814229846
0.470168679953
0.236531808972
0.386817544699
0.205356881022
0.257372826338
0.460929900408
0.168038576841
0.180069744587
0.399477005005
0.176049232483
0.313423454762
0.360183119774
0.127101525664
0.18773393333
0.436461806297
0.260294616222
0.305231153965
0.326963216066
0.219046413898
0.342180401087
0.368847310543
0.258474200964
0.310262352228
0.419464975595
0.17790350318
0.221408262849
0.40097630024
0.196206748486
0.174914926291
0.395219713449
0.0831597447395
0.299639552832
0.429581135511
0.159795552492
0.159389659762
0.200265780091
0.0518970228732
0.419796347618
0.438836485147
0.186165228486
0.131913617253
0.252639889717
0.0424979664385
0.30964115262
0.438615500927
0.151637196541
0.0778155177832
0.201125055552
0.140164151788
0.210031077266
0.390125900507
0.291950076818
0.139282509685
0.239757314324
0.153234168887
0.192009806633
0.394319623709
0.145093768835
0.131569936872
0.26350235939
0.0714278295636
0.174120545387
0.313995778561
0.125196605921
0.108630411327
0.612154304981
0.0503301359713
0.245633542538
0.345400005579
0.0979859679937
0.212400749326
0.404754459858
0.176097601652
0.229065552354
0.287946850061
0.0893200486898
0.160165354609
0.267308205366
0.116978250444
0.161486536264
0.406758248806
0.176209658384
0.0794282332063
0.335672944784
0.19795371592
0.151475280523
0.277423799038
0.19890037179
0.0921147838235
0.21720944345
0.0589000806212
0.184487909079
0.343569993973
0.087632574141
0.152017891407
0.326122403145
0.0431227125227
0.202829152346
0.410704165697
0.0906298533082
0.100848518312
0.191708594561
0.18770237267
0.135641768575
0.318906158209
0.0782167762518
0.435941129923
0.681615531445
0.0804624855518
0.224517643452
0.198022916913
0.0525775142014
0.25075379014
0.394609212875
0.21921415627
0.099320627749
0.292397141457
0.0652963668108
0.201537147164
0.245918214321
0.119372777641
0.153461158276
0.300990492105
0.0641116797924
0.102455794811
0.244593158364
0.0612168572843
0.176295727491
0.220756009221
0.0638219863176
0.134061262012
0.190087765455
0.1224565804
0.119177311659
0.247428327799
0.0711901560426
0.111944489181
0.204028695822
0.127495929599
0.222761452198
0.199871629477
0.0696469321847
0.123492203653
0.302095502615
0.172280967236
0.12547890842
0.239128500223
0.138452842832
0.140230536461
0.198932021856
0.0594168417156
0.584346055984
0.377977848053
0.0885581970215
0.16957333684
0.184880152345
0.0568600445986
0.189033120871
0.231081321836
0.182925760746
0.198214173317
0.300501406193
0.176838308573
0.0899288207293
0.162095144391
0.0552574917674
0.192960575223
0.238036081195
0.119483269751
0.109768591821
0.178065463901
0.0702866688371
0.158119827509
0.279476046562
0.104643337429
0.19934335351
0.138533085585
0.0374677702785
0.146077558398
0.288319259882
0.147717759013
0.136373534799
0.238416269422
0.133161574602
0.0790355056524
0.149915844202
0.0367837361991
0.14106656611
0.29454010725
0.122234277427
0.231945872307
0.234366104007
0.0751620158553
0.107727527618
0.247957572341
0.104266136885
0.112871028483
0.222891241312
0.203470155597
0.0988907963037
0.178332567215
0.151003554463
0.291156411171
0.232023581862
0.0951990410686
0.101837962866
0.178933918476
0.045546233654
0.102477625012
0.395287036896
0.133693933487
0.165376454592
0.158015683293
0.0485221110284
0.135900720954
0.330156326294
0.161036387086
0.0600727722049
0.207813933492
0.0583280399442
0.137224256992
0.224150583148
0.119037315249
0.124927736819
0.151002302766
0.0678533315659
0.200335428119
0.500042915344
0.217181548476
0.24255309999
0.215123981237
0.0629937499762
0.151067331433
0.181567773223
0.123970024288
0.0967786833644
0.215365424752
0.171139538288
0.198341846466
0.149482339621
0.0506753437221
0.11279399693
0.209855303168
0.0691209733486
0.21998411417
0.12520930171
0.107699073851
0.134845152497
0.174707263708
0.0855762511492
0.146803960204
0.143976792693
0.079212449491
0.117549724877
0.174803048372
0.122987411916
0.0662863403559
0.135031655431
0.118002839386
0.0921751111746
0.222552835941
0.115393154323
0.172310993075
0.226263478398
0.135572865605
0.0776353031397
0.121759705245
0.08842651546
0.229464530945
0.371626645327
0.0533471368253
0.0896098464727
0.141927555203
0.060428891331
0.113118246198
0.19766522944
0.10738568753
0.0793462842703
0.204594120383
0.210732907057
0.125239536166
0.175351306796
0.152255117893
0.281554728746
0.239280924201
0.0669813752174
0.0673680752516
0.111703276634
0.136451005936
0.101531542838
0.178754523396
0.0714249610901
0.0563860423863
0.113085284829
0.0676918104291
0.0711939036846
0.12016004324
0.130046457052
0.0769293680787
0.141600176692
0.105891622603
0.215199872851
0.112810976803
0.042850304395
0.0805724486709
0.147420495749
0.0711916685104
0.0604321844876
0.0968149006367
0.0755798742175
0.10472754389
0.178653404117
0.0467804409564
0.186925575137
0.131723836064
0.112600497901
0.0948586836457
0.106951251626
0.101485751569
0.139791458845
0.218846842647
0.079233199358
0.188634902239
0.0891238152981
0.044215247035
0.110271386802
0.177410081029
0.0660016536713
0.112211763859
0.185964599252
0.154248058796
0.199786141515
0.159123077989
0.0502633452415
0.066019937396
0.0808357819915
0.0368199162185
0.134171709418
0.188796773553
0.169987440109
0.0669699460268
0.0954889655113
0.032841719687
0.132689937949
0.144225507975
0.0556324273348
0.0523082837462
0.10180619359
0.048042498529
0.0859876722097
0.132318660617
0.101165316999
0.078066624701
0.180340901017
0.0529565326869
0.113089568913
0.086567915976
0.110257655382
0.172278136015
0.19393363595
0.0874470770359
0.0500060208142
0.14025644958
0.0867965072393
0.0375219136477
0.0740244314075
0.202178165317
0.0143804987893
0.106441020966
0.0860408693552
0.12198805809
0.133068308234
0.0351883247495
0.0290211346
0.0246378798038
0.0251329373568
0.0661802589893
0.048028100282
0.104999572039
0.126834571362
0.0671913400292
0.113128952682
0.0565496236086
0.0492740795016
0.0207929741591
0.0819072648883
0.701051652431
0.0764701068401
0.126536488533
0.103561997414
0.129601702094
0.103678502142
0.0987045094371
0.0463762506843
0.0376563034952
0.186670467257
0.104417681694
0.0452923215926
0.0302491616458
0.0494149550796
0.0543848201632
0.0633025690913
0.173967376351
0.0783672258258
0.097498126328
0.0308380723
0.0341148450971
0.09130576998
0.0231015533209
0.0189542137086
0.0330223850906
0.00982886552811
0.0616773292422
0.0800912231207
0.0891490802169
0.0214879382402
0.022310052067
0.0365549623966
0.0193325504661
0.0963663682342
0.0326905138791
0.168763116002
0.0530117563903
0.198240116239
0.193352788687
0.0982327386737
0.0521637797356
0.124356396496
0.179448783398
0.047401625663
0.0687168613076
0.227413073182
0.0647289156914
0.0702943876386
0.199324250221
0.067802682519
0.0774966850877
0.143026515841
0.0547345280647
0.131745278835
0.088720574975
0.0622465312481
0.0819312632084
0.165007203817
0.116368710995
0.167782872915
0.218680948019
0.041499171406
0.0694686621428
0.120066158473
0.0326840393245
0.105270840228
0.165508762002
0.0294217579067
0.171870395541
0.103192128241
0.574675381184
0.0384841971099
0.20840010047
0.0958162993193
0.110294863582
0.0811327025294
0.0492643751204
0.0686702802777
0.103552363813
0.173688828945
0.0899595171213
0.115912079811
0.150320962071
0.0686907619238
0.21809835732
0.146161422133
0.122718833387
0.238851487637
0.137227699161
0.0669272914529
0.165061205626
0.114340059459
0.150840610266
0.0722443088889
0.157201781869
0.0369270853698
0.0695918649435
0.115877360106
0.0828852429986
0.0506180562079
0.118542119861
0.117005638778
0.114356644452
0.120262689888
0.0988497361541
0.0469739735126
0.0884103775024
0.120745554566
0.111232101917
0.107537873089
0.0374416783452
0.103958085179
0.11092569679
0.0810664370656
0.0447568334639
0.158023118973
0.0797720402479
0.0760679990053
0.207495644689
0.0414283312857
0.0278824344277
0.0726189091802
0.0507017858326
0.0700973495841
0.140986040235
0.0951078385115
0.0496564283967
0.0809404626489
0.0186742078513
0.20330670476
0.193963900208
0.054995238781
0.0732626467943
0.0604894049466
0.0799921825528
0.169682651758
0.109897583723
0.314308196306
0.0292844586074
0.151366099715
0.0372475497425
0.0727033540606
0.156979367137
0.0559564419091
0.0366024598479
0.129298090935
0.0530144497752
0.055297177285
0.0846161618829
0.0803855583072
0.101955406368
0.212735459208
0.0766154080629
0.100158803165
0.0923581495881
0.106538981199
0.117319345474
0.102763541043
0.0951460599899
0.0668818131089
0.125243708491
0.0264546908438
0.0542454756796
0.164082244039
0.0418099947274
0.0321186669171
0.167033061385
0.0766229107976
0.103157304227
0.261726647615
0.0904504805803
0.0777105763555
0.0845040753484
0.0650076195598
0.106994085014
0.0976326018572
0.0522519536316
0.141596600413
0.102664336562
0.0456875711679
0.124041199684
0.0900983959436
0.120581492782
0.118024028838
0.13970169425
0.132135123014
0.114445127547
0.107106544077
0.0329554490745
0.0557597242296
0.122915759683
0.211603417993
0.118717335165
0.0920153558254
0.068087503314
0.0983886495233
0.0663039535284
0.032619509846
0.0955471247435
0.0986111685634
0.0541170835495
0.068249695003
0.0752764865756
0.0293147116899
0.155895516276
0.110706843436
0.0370063111186
0.0372375920415
0.0985570773482
0.028625080362
0.0610838271677
0.149758264422
0.112724937499
0.248990952969
0.134381890297
0.0795619413257
0.0562180764973
0.156245097518
0.186660721898
0.11928909272
0.0917812213302
0.0954983755946
0.169778838754
0.134223654866
0.10264994204
0.0978128835559
0.0711996331811
0.0341327935457
0.0613443851471
0.163779079914
0.12134706974
0.0890331193805
0.29638928175
0.14367261529
0.110651865602
0.226567074656
0.139382630587
0.103297762573
0.0532889217138
0.0585932582617
0.0764839500189
0.164374276996
0.0867221429944
0.0379569716752
0.0735896378756
0.0501004941761
0.141340464354
0.0819399282336
0.0323728360236
0.118509344757
0.237842515111
0.0272508375347
0.15216691792
0.162936747074
0.131708502769
0.17770396173
0.173902243376
0.0331174917519
0.111959032714
0.162640690804
0.176590517163
0.0979120284319
0.0722850561142
0.0884242281318
0.174993336201
0.170229628682
0.0780651122332
0.0756046250463
0.109779208899
0.0209786053747
0.0986264273524
0.114519804716
0.0463076904416
0.0263631157577
0.110031828284
0.0335401035845
0.0525108128786
0.128155127168
0.0359150096774
0.0357408970594
0.11446955055
0.0301786009222
0.0396895743906
0.189772620797
0.39153316617
0.109604097903
0.0727855488658
0.15937229991
0.0817084684968
0.18643938005
0.0681116729975
0.101484276354
0.248993873596
0.0567737407982
0.100366339087
0.106699623168
0.0372850000858
0.0711924508214
0.108817115426
0.162453070283
0.0785352289677
0.15185958147
0.0871704295278
0.275191903114
0.284954816103
0.100637346506
0.0871633291245
0.0733000487089
0.0493262968957
0.0943193584681
0.0826261788607
0.0390544906259
0.143860772252
0.0789730474353
0.0415158309042
0.120480008423
0.0618600025773
0.0350179187953
0.0679469704628
0.157507970929
0.117570094764
0.0411058887839
0.189629688859
0.0196279920638
0.102229110897
0.148558869958
0.0558248832822
0.0413530282676
0.139320418239
0.0912734642625
0.10097682476
0.0917294546962
0.244551092386
0.0489283315837
0.13881072402
0.0238797534257
0.0973071604967
0.0933286622167
0.0457493700087
0.147128716111
0.0633867532015
0.0298854019493
0.094301559031
0.107983767986
0.149610266089
0.104585006833
0.180399730802
0.0304335448891
0.139883667231
0.0490018613636
0.0811768174171
0.123878873885
0.232559293509
0.16731145978
0.268402278423
0.0752855166793
0.0508914962411
0.122848838568
0.145596414804
0.115177221596
0.0493259988725
0.198328405619
0.155569717288
0.141931116581
0.159289762378
0.0279220938683
0.0467465594411
0.205876633525
0.0370849445462
0.064661256969
0.138173654675
0.104526691139
0.0390537269413
0.0739946886897
0.0874531492591
0.0556292459369
0.195009380579
0.0210549328476
0.0998027920723
0.136821016669
0.0897829011083
0.106476202607
0.0638228580356
0.0865179747343
0.178160011768
0.0817991569638
0.0552102290094
